position: 
    x: 1.11474323273
    y: -0.111314937472
    z: 0.0
orientation: 
    x: 0.0
    y: 0.0
    z: -0.0246003019206
    w: 0.999697366779